0.004065965
0.347460922
0.052085859
0.178040362
0.287966841
0.232793636
0.036571868
0.102375694
0.068565835
0.088240608
0.075295457
0.165213372
0.374157946
0.510683698
0.154813097
0.048453118
0.211661196
0.010038622
0.130414614
0.001641334
0.82230245
0.01162786
0.049684848
0.025566611
0.112420837
0.00986435
0.015546024
0.004619578
0.0117433
0.006240799
0.041268706
0.084613138
0.413712797
0.176719173
0.03240459
0.296744827
0.147120185
0.842704546
0.677613862
0.004932909
0.006444233
0.285219844
0.034467401
0.028391879
0.058836311
0.980820072
0.637254489
0.169939593
0.022437978
0.3824516
0.025937074
0.012614913
0.000973502
0.155932587
0.008400316
0.201652293
0.006526323
0.109662635
0.018505308
0.008954226
0.185745673
0.472466651
0.143284571
0.488433934
0.008017333
0.193406563
0.235672619
0.200691604
0.603841478
0.777088077
0.01607186
0.018620698
0.030285699
0.015089577
0.003748268
0.201647434
0.022287323
0.633074452
0.300052376
0.038753501
0.057136732
0.148852064
0.062971951
0.059629282
0.043114199
0.028291744
0.077102618
0.015474979
0.020377885
0.15179807
0.000327602
0.002194032
0.019808888
0.035719841
0.015077372
0.020092269
0.070144214
0.213898581
0.123817854
0.087966014
0.433031091
0.033423146
0.011696009
0.003167394
0.072539561
0.123308805
0.06830445
0.02783064
0.040796157
0.011763951
0.899534232
0.047991892
0.099579096
0.167586519
0.006581036
0.145886316
0.001668947
0.083592027
0.26806961
0.909738915
0.042470429
0.015498137
0.013795651
0.069662602
0.035119277
0.006817352
0.626062248
0.031614135
0.002683826
0.001381567
0.097063171
0.140231621
0.005644257
0.219575657
0.165400408
0.060626355
0.050861292
0.00094716
0.106484931
0.082841824
0.013141664
0.161365942
0.064026613
0.511852999
0.041425815
0.098861609
0.012009284
0.035653991
0.044412932
0.16178236
0.133120139
0.116841154
0.187091039
0.002450315
0.014420845
0.387481255
0.056139231
0.053949419
0.017806117
0.00967768
0.005134154
0.146390374
0.640164031
0.057068336
0.007273842
0.35800459
0.006960701
0.094678987
0.07261845
0.082726666
0.238870658
0.042928912
0.076058079
0.007090155
0.082911009
0.492761388
0.719481311
0.010231876
0.067452728
0.152736448
0.228569655
0.016968148
0.008189121
0.021409335
0.047874079
0.013776397
0.246388593
0.109864865
0.021998993
0.106426754
0.026049292
0.004054182
0.087916793
0.022144121
0.005831092
0.010678853
0.007126992
0.030000374
0.017979902
0.130611592
0.050536808
0.006693506
0.011956775
0.115336653
0.012739462
0.233357531
0.018485343
0.016115732
0.420035335
0.008686321
0.528207964
0.039405555
0.270535834
0.825788867
0.111611515
0.020011244
0.118918829
0.015917898
0.498077924
0.263854527
0.039363262
0.049368358
0.057725973
0.018798939
0.33370192
0.054458439
0.489212142
0.011767297
0.037844714
0.088779306
0.018970303
0.010620649
0.005481483
0.0276871
0.002548063
0.274876416
0.09457469
0.162368345
0.052597925
0.209646292
0.016318455
0.165643004
0.018358703
0.294086675
0.069589547
0.264307647
0.167131074
0.120696799
0.156520386
0.167835906
0.038248392
0.043248958
0.046780638
0.30082973
0.009231044
0.015696323
0.083642817
0.205184073
0.044855563
0.056852263
0.117203088
0.04019438
0.00611735
0.054052261
0.011703068
0.008855977
0.248141086
0.09417308
0.208313803
0.18421143
0.01652878
0.006901429
0.09907531
0.031711912
0.423525741
0.170435648
0.747733353
0.005294178
0.085407981
0.003058974
0.030088956
0.036177312
0.012986338
0.018261382
0.068906038
0.020882999
0.06300919
0.011159411
0.039723775
0.036165229
0.175029458
0.386630907
0.068974577
0.055438912
0.06478874
0.362840205
0.061098544
0.058144309
0.01085608
0.119178663
0.008505071
0.179551355
0.473304669
0.011927198
0.077178749
0.085639373
0.960878751
0.160839525
0.019531697
0.342321077
0.019159331
0.10903214
0.047899196
0.179004136
0.0175939
0.438282024
0.009934248
0.016058436
0.253971617
0.329261483
0.073642805
0.515225624
0.097963807
0.859238289
0.104923304
0.215538513
0.079960814
0.117931236
0.155359702
0.001103443
0.028816075
0.046366379
0.781045252
0.069489428
0.462952428
0.22296091
0.031049843
0.019086987
0.010886798
0.025368952
0.069584527
0.323676614
0.307988852
0.018519627
0.393083313
0.016732788
0.028582105
0.092313075
0.437937944
0.0037901
0.050123878
0.014930239
0.126594195
0.001602667
0.030584508
0.174925687
0.497022796
0.335555601
0.005534487
0.022814306
0.008728097
0.494480911
0.075573034
0.012627808
0.016651424
0.068667913
0.311202869
0.005568053
0.004646522
0.013636251
0.097030239
0.130574971
0.048234577
0.080615463
0.002766178
0.048681861
0.276205574
0.029794066
0.021162187
0.320916899
0.100285117
0.324413956
0.0497148
0.251412712
0.076210586
0.076439098
0.36849951
0.049152063
0.112709679
0.153758942
0.054122909
0.027739329
0.000574322
0.050788999
0.019333531
0.088026558
0.017201651
0.002552561
0.851623965
0.196608295
0.031926311
0.10123075
0.101134843
0.034688273
0.385806673
0.016917216
0.012799873
0.01059329
0.023453687
0.108647844
0.028662452
0.155242175
0.121504987
0.087549087
0.132562757
0.121341505
0.036631383
0.018717359
0.038058282
0.023479854
0.005984574
0.015102578
0.021428786
0.450769732
0.260377315
0.037312802
0.267259808
0.076131332
0.016479298
0.049421638
0.012759455
0.022107045
0.358486412
0.442832469
0.202101729
0.073630799
0.052396269
0.002962411
0.535101761
0.014598161
0.7441667
0.134603182
0.020838357
0.00650277
0.010731625
0.077165285
0.021063392
0.476391316
0.177543142
0.021715388
0.195839952
0.215354087
0.169161658
0.262536675
0.094758517
0.042049378
0.028867837
0.006271827
0.0201652
0.165299086
0.016862835
0.163492033
0.181880414
0.462653987
0.002491538
0.939974891
0.019969994
0.128566346
0.024696796
0.070270858
0.416162333
0.19461422
0.059277667
0.086487119
0.563900636
0.408649313
0.292624424
0.028124096
0.074611374
0.212888277
0.131220626
0.130847185
0.021530774
0.013505893
0.038620435
0.002665365
0.002331863
0.10121886
0.142213557
0.041850736
0.669384605
0.045342451
0.045035648
0.063257873
0.554814577
0.06111206
0.031415003
0.756247397
0.066601259
0.076616147
0.058536639
0.007814612
0.266288962
0.083608002
0.290590177
0.526863246
0.175487779
0.048449796
0.058190949
0.138455741
0.436742621
0.137669368
0.067353233
0.240028649
0.041194471
0.119939618
0.437010476
0.03198874
0.025579148
0.097794751
0.255623176
0.028489
0.055921914
0.011553773
0.09222112
0.008277133
0.018463811
0.140070848
0.011224566
0.10440272
0.016977732
0.072948015
0.339058438
0.046970528
0.06086074
0.209528492
0.003152833
0.056720629
0.136488098
0.738831324
0.03217422
0.008241039
0.013099018
0.010822984
0.029794554
0.007509399
0.237596466
0.014436309
0.08273856
0.221915146
0.006023501
0.102554058
0.093406573
0.147880345
0.164426613
0.074238859
0.012512889
0.159550637
0.002679509
0.503119093
0.555028337
0.033781387
0.09920589
0.612130716
0.492438936
0.019347135
0.00089716
0.114505834
0.055202021
0.063426324
0.219430549
0.004944674
0.073487393
0.00156606
0.204905336
0.132906046
0.549011946
0.076425803
0.009536574
0.07615078
0.277192281
0.520192674
0.352607047
0.078117954
0.123481166
0.075693981
0.31129975
0.081297989
0.011277864
0.193069157
0.702125422
0.002695123
0.149870656
0.050966837
0.010398421
0.109349547
0.227169121
0.017575974
0.034538409
0.041596916
0.039794203
0.550736677
0.340695205
0.016241873
0.006001645
0.076525053
0.030249297
0.43028865
0.05649967
0.039830698
0.925205676
0.076992084
0.537934751
0.078287173
0.10877969
0.135828767
0.389571895
0.029902324
0.011743101
0.031472363
0.050792638
0.29957487
0.064305735
0.273827163
0.010232243
0.266468714
0.013707806
0.009876239
0.182704223
0.005008513
0.959530868
0.059478688
0.050154339
0.114887625
0.070850256
0.005224851
0.043100333
0.107842781
0.003260333
0.653471658
0.024264592
0.198595371
0.010965936
0.035876047
0.130139284
0.173020985
0.027960448
0.030347524
0.110613137
0.008362458
0.780738401
0.386265832
0.021400468
0.06491672
0.07791768
0.045664448
0.027665523
0.052868134
0.820090722
0.005087907
0.089769634
0.06829542
0.016567191
0.450624663
0.12026997
0.561993685
0.729762769
0.010891669
0.010694319
0.166790661
0.001987152
0.024561783
0.056247026
0.058206613
0.101606374
0.112687616
0.513093394
0.005294111
0.011408571
0.107205418
0.155121767
0.027638315
0.002198705
0.137477643
0.01455765
0.104464713
0.156123358
0.076988763
0.011947708
0.352051368
0.749300827
0.681050765
0.079107928
0.043943092
0.852817346
0.234126437
0.030614179
0.007971979
0.026463314
0.086832095
0.014900211
0.042336815
0.023076945
0.136114433
0.02811584
0.029981974
0.172514339
0.067314172
0.021180907
0.069124875
0.207838756
0.457557721
0.035689778
0.183309901
0.046077158
0.110487242
0.100799087
0.006312691
0.284261324
0.207709493
0.67896703
0.011405973
0.07286325
0.165954908
0.062584035
0.699110588
0.066729395
0.10360162
0.016006146
0.087522023
0.157525752
0.066915618
0.012849645
0.699073154
0.016454627
0.004288718
0.066279757
0.25811479
0.799350933
0.035595914
0.414024486
0.16663153
0.481755385
0.099813241
0.257497396
0.061425024
0.044845531
0.222300052
0.054387699
0.009497105
0.234331946
0.090859133
0.026201723
0.165292376
0.100359919
0.079890926
0.155633626
0.330560744
0.161115696
0.477185165
0.011706801
0.13647469
0.49134102
0.957067375
0.059313961
0.182229792
0.030677926
0.001081353
0.023774025
0.010010813
0.196368694
0.018155041
0.229299685
0.210427779
0.375804152
0.011188427
0.028597321
0.105081127
0.747233309
0.029436574
0.762197918
0.064087739
0.449252577
0.019310856
0.123463845
0.17602625
0.008453815
0.225150925
0.008491115
0.054143475
0.248396735
0.215621904
0.019953547
0.058469523
0.153166219
0.003113278
0.023745187
0.014153679
0.013999011
0.00788871
0.02065988
0.043117945
0.018613083
0.486746257
0.020288359
0.014985724
0.046461857
0.091377753
0.175428974
0.018703919
0.027718709
0.076696058
0.124298629
0.111127009
0.084812937
0.252040137
0.153658403
0.201873623
0.141565487
0.009851665
0.090637529
0.112705191
0.033015811
0.034001931
0.086340873
0.002953223
0.006510072
0.041571833
0.139929038
0.002461639
0.21054408
0.945271656
0.034952265
0.134245216
0.070614274
0.285973516
0.095490503
0.012182084
0.234334338
0.02336956
0.086413986
0.47189218
0.176159749
0.365424141
0.148553014
0.31491935
0.030634469
0.130216947
0.022123619
0.006718384
0.088700765
0.153562579
0.825457431
0.056553288
0.017791269
0.684606284
0.179192582
0.079271341
0.121434159
0.106224077
0.13603051
0.130012534
0.027310908
0.020801672
0.189257512
0.065381127
0.011064556
0.001291771
0.18493416
0.081208097
0.287854244
0.068868918
0.417470001
0.124540927
0.007689056
0.10300428
0.01527747
0.452259245
0.070281379
0.217876315
0.216077057
0.251007681
0.292509953
0.365535616
0.050195327
0.065755593
0.002707546
0.286257824
0.105423643
0.261116956
0.029145075
0.080475216
0.017434388
0.166385942
0.119400252
0.224259751
0.198298855
0.234553359
0.012243033
0.488803367
0.003535178
0.001550274
0.063402998
0.0095583
0.090145852
0.12157656
0.095260131
0.300340425
0.022336856
0.151921691
0.072374423
0.869335215
0.261465247
0.025424764
0.023729486
0.067879873
0.019459409
0.038237357
0.668071367
0.172143187
0.004353878
0.139796245
0.010350272
0.046354102
0.00859662
0.260700096
0.171965885
0.451689156
0.133405319
0.134584288
0.023261817
0.023535223
0.00109807
0.518705896
0.032680802
0.715423098
0.015970746
0.035494342
0.415902195
0.112321567
0.232135098
0.10574638
0.401301676
0.038525805
0.20819751
0.007790991
0.031117897
0.002130323
0.120785703
0.120866378
0.288903424
0.017928063
0.006914619
0.056141321
0.032973792
0.00263013
0.093831421
0.378795538
0.001638385
0.001387364
0.012824036
0.002104311
0.05526734
0.191057996
0.005260036
0.060334751
0.187289612
0.041063087
0.097148771
0.051425557
0.355607641
0.076471751
0.0408416
0.211469109
0.02031019
0.028965142
0.007766449
0.012975331
0.054530077
0.171698259
0.083258099
0.007542644
0.359827423
0.022704832
0.015597189
0.012209672
0.026775834
0.07085397
0.00462188
0.078556118
0.068330335
0.098219937
0.132510933
0.046416356
0.011536667
0.023859288
0.006227418
0.002292854
0.029759996
0.121789718
