3.34E-10
0.029484619
5.69E-05
2.59E-07
2.18E-07
0.015161734
0.015779286
0.000288371
6.79E-05
5.94E-06
0.000615976
3.43E-07
0.94755776
0.023268867
0.032909209
0.306854806
3.82E-05
1.86E-10
5.50E-08
9.34E-07
4.40E-08
2.11E-08
6.63E-05
2.48E-09
0.031280797
6.32E-06
9.41E-09
1.83E-09
4.11E-12
7.30E-09
0.2135547
0.002583845
0.000264198
0.00364049
1.19E-06
0.042187604
2.83E-06
0.000300332
0.999999922
2.02E-09
1.69E-09
8.92E-05
1.65E-07
9.34E-07
1.10E-05
0.999999957
0.00115544
0.702773619
4.24E-09
1.53E-06
3.34E-09
2.75E-08
4.89E-10
2.70E-10
1.77E-06
0.00023278
9.93E-13
3.07E-05
5.48E-06
1.13E-09
1.03E-08
2.44E-06
7.68E-08
0.999983561
4.64E-05
0.715137947
2.97E-06
4.55E-07
0.851530114
0.988789521
1.60E-11
2.78E-08
6.48E-10
6.57E-05
8.72E-12
1.25E-07
1.50E-10
0.999990134
0.00080966
1.10E-08
8.46E-09
0.004991507
0.000533222
0.003602572
0.013766165
1.30E-07
4.55E-06
2.87E-09
1.76E-05
5.27E-09
6.14E-08
3.14E-07
6.40E-11
7.43E-05
5.17E-08
3.08E-07
0.038413256
0.584753034
0.000795554
2.99E-06
0.000568931
6.57E-09
3.96E-11
6.59E-09
2.76E-11
9.95E-08
2.00E-05
6.66E-08
3.39E-07
3.82E-09
0.999999161
2.37E-10
0.032487668
2.63E-06
1.15E-10
0.019663493
1.28E-14
1.69E-06
0.121546805
0.99996011
8.92E-07
1.91E-07
5.69E-11
0.004819533
0.000241901
2.56E-09
0.997560581
2.75E-09
1.07E-08
1.41E-15
6.21E-08
1.24E-07
6.07E-14
0.000105889
3.06E-05
0.001437457
1.04E-08
1.05E-06
0.08395013
1.96E-05
3.46E-08
0.009505174
3.21E-08
1.47E-07
8.41E-05
0.002360189
4.12E-07
3.06E-05
9.89E-09
0.472343622
2.42E-05
9.34E-05
0.564541099
3.17E-10
6.10E-10
0.001589714
2.06E-11
0.000371561
3.33E-08
1.39E-12
9.64E-11
0.102820934
0.995644567
4.07E-07
1.66E-07
0.994616742
3.21E-09
0.361664364
6.65E-07
4.93E-05
0.033727188
3.56E-05
0.017099594
2.70E-11
3.04E-06
0.565032264
0.024096289
4.18E-07
0.000213717
2.50E-05
0.000160519
3.27E-06
1.22E-12
5.65E-07
3.75E-06
6.05E-09
0.015654486
6.90E-08
3.90E-07
0.414420698
2.56E-08
2.41E-09
2.29E-06
1.12E-12
2.01E-09
3.76E-11
2.17E-11
5.51E-08
1.10E-05
1.67E-08
2.50E-07
2.50E-12
4.78E-07
2.48E-08
8.66E-12
0.909554962
1.12E-08
3.12E-11
0.002221807
5.66E-07
0.028615634
1.15E-09
4.66E-05
0.999863444
9.06E-13
1.66E-06
4.52E-06
7.32E-06
0.896431991
0.147156306
4.25E-10
0.329395374
0.006062907
2.16E-06
7.15E-08
5.98E-07
0.067024647
2.88E-09
2.06E-07
2.38E-07
0.00064053
9.41E-13
1.57E-09
1.17E-11
1.03E-10
0.802951353
3.16E-05
0.000341053
0.001108118
0.000874841
1.72E-08
0.998436273
5.03E-09
0.0020035
6.49E-10
0.730983027
0.000552297
2.75E-07
0.000137002
0.002307605
1.45E-05
0.000975249
9.33E-05
1.70E-06
2.94E-06
1.07E-08
1.86E-08
0.676829786
0.002720535
0.000311058
0.000441517
9.69E-08
1.56E-07
4.27E-05
4.69E-14
4.46E-09
0.987226633
6.46E-06
8.83E-05
0.99876953
1.06E-08
5.84E-11
1.26E-08
4.42E-05
0.12701762
0.852604626
0.881553128
1.42E-09
2.26E-08
5.89E-12
1.13E-05
0.008121444
9.07E-11
0.004590357
0.000107585
1.16E-05
6.38E-10
1.13E-10
2.53E-06
5.19E-05
0.784038978
0.003137233
0.000689805
4.26E-09
6.91E-07
6.61E-06
3.45E-06
2.66E-06
3.43E-10
0.003064932
7.57E-08
0.055553196
0.830500719
1.04E-10
0.040973438
0.000395898
0.327584778
0.017167975
4.60E-08
0.953442316
3.48E-09
0.00110034
1.54E-06
1.22E-07
4.33E-07
0.006242298
8.04E-12
3.90E-09
2.70E-05
0.011162728
0.00449932
0.998926388
8.21E-12
0.999999863
0.003521714
1.46E-05
0.93283913
0.007045633
2.37E-06
2.46E-09
1.39E-06
8.48E-05
0.988071165
0.019936708
0.99111147
0.037836459
2.47E-06
2.23E-06
9.95E-09
4.02E-09
4.29E-05
2.46E-05
0.613466829
2.93E-07
0.502681398
1.71E-08
3.34E-06
3.80E-07
1.95E-06
4.21E-08
2.22E-08
1.43E-09
7.24E-07
1.39E-13
1.66E-05
0.007833124
0.010399101
0.000424933
7.46E-10
4.76E-09
0.000856923
0.9975765
1.78E-06
3.73E-10
5.03E-10
6.33E-07
0.000794683
2.59E-06
1.58E-11
2.85E-09
0.005666586
0.000910052
4.98E-08
3.32E-08
2.52E-07
0.00131701
0.00024621
0.000960708
1.91E-10
0.999700607
0.993158251
0.008371673
0.000528497
0.000571175
7.37E-10
1.18E-05
0.000113562
0.00155735
4.63E-06
0.242369496
2.77E-07
0.000133411
2.18E-08
1.96E-06
6.31E-07
0.007609129
5.08E-11
3.40E-10
0.997800523
0.043531124
1.60E-07
0.880563938
0.000331231
1.12E-07
0.282782654
8.70E-06
3.99E-14
4.25E-06
1.12E-09
2.24E-06
1.21E-09
1.23E-05
1.06E-05
0.000156683
8.54E-05
2.55E-07
1.97E-13
3.60E-07
1.08E-08
0.000104559
8.60E-10
3.54E-09
1.39E-07
7.57E-05
0.00416035
0.98370922
4.47E-08
2.90E-08
5.93E-11
2.92E-07
0.000558053
6.06E-10
0.291337965
0.058472343
1.77E-07
1.91E-08
4.43E-08
3.66E-09
0.803592852
2.94E-10
0.999937106
0.007361882
3.65E-05
7.65E-11
3.35E-07
3.27E-09
8.83E-09
0.947749939
0.209372791
7.76E-10
2.15E-06
0.999467829
6.01E-05
1.04E-07
5.34E-05
0.034872203
0.004960944
2.17E-06
2.19E-11
0.000277729
7.96E-11
3.17E-05
0.00136777
0.102313416
9.16E-11
0.967186824
4.63E-11
8.61E-06
0.010905248
3.97E-06
0.989156591
8.80E-05
3.72E-08
6.29E-06
0.829744761
0.008003305
2.69E-07
1.70E-05
9.95E-08
0.002319099
0.14209792
0.012565037
9.18E-10
1.12E-07
0.000221504
9.16E-13
2.09E-13
2.86E-09
0.331671901
4.81E-06
0.999256588
2.80E-06
3.09E-12
0.013044822
0.163420933
0.001542628
3.10E-06
0.9997735
5.58E-08
0.099203894
8.14E-08
6.30E-10
0.000327899
2.31E-05
0.008164206
0.976652618
0.009607468
2.38E-07
5.98E-08
0.902522381
0.032219094
0.074523635
2.14E-07
0.000940631
0.004171665
3.98E-05
0.998236804
7.57E-05
0.075923383
0.001794147
7.03E-05
6.62E-11
0.029060698
1.97E-11
3.60E-07
1.90E-09
5.77E-05
2.09E-05
6.76E-09
0.001653464
4.43E-06
5.68E-08
0.000104817
4.16E-06
1.11E-05
0.045807272
3.63E-09
6.30E-08
0.081325487
0.000823326
1.24E-06
1.70E-10
1.65E-07
2.43E-05
3.11E-08
0.000731838
0.016063984
4.13E-11
3.44E-09
0.935319542
7.96E-10
0.000121979
0.082242644
0.995577882
3.25E-07
7.88E-09
0.012767037
0.00047447
1.44E-12
0.000360317
0.999964926
1.11E-05
2.50E-06
0.013588346
1.25E-05
6.63E-05
4.75E-09
3.62E-06
0.000237581
2.05E-10
0.033696023
1.49E-07
0.001729656
1.26E-08
6.53E-07
0.952064502
1.06E-06
0.25388473
6.12E-13
0.000275346
0.001858468
0.963762014
0.975917636
5.93E-08
8.42E-05
0.000364359
0.038028969
0.002713202
5.19E-08
8.38E-05
3.50E-05
8.69E-13
8.21E-06
0.128959851
2.94E-11
1.86E-10
0.000263771
2.45E-14
4.74E-09
2.66E-07
7.44E-07
0.894152675
1.85E-06
5.59E-08
5.56E-06
1.41E-05
7.58E-10
0.000197182
0.000413706
2.87E-10
0.999481136
3.91E-06
0.000548193
1.77E-07
0.007618303
1.41E-07
0.002821452
0.000231443
3.09E-10
1.24E-08
0.000609124
0.014542021
2.85E-07
0.998800157
3.57E-13
0.990025048
1.13E-05
6.48E-15
7.59E-05
2.56E-14
0.999781241
1.18E-07
0.001113496
3.98E-08
0.29016258
6.18E-08
9.69E-10
0.000592753
3.79E-14
0.413786243
8.68E-06
0.092421346
3.27E-11
1.04E-05
0.528981608
8.98E-06
5.72E-09
1.01E-09
0.161506567
0.005273156
0.31059669
2.99E-05
1.58E-09
1.28E-09
0.810204903
1.85E-05
2.83E-06
0.000169838
0.002566743
1.09E-11
0.002445175
1.56E-06
0.000643939
0.555229281
0.002333802
0.974863195
0.999984725
1.42E-08
5.10E-10
0.000144519
5.51E-15
1.62E-10
1.43E-07
2.78E-06
7.89E-06
0.0074413
8.45E-05
2.69E-07
7.52E-10
0.039135422
0.000306784
2.76E-11
6.92E-12
7.52E-07
2.09E-12
0.013461047
1.38E-08
1.98E-05
1.30E-07
0.999993563
0.011829756
0.000806546
1.12E-05
3.86E-06
0.380686963
0.984930054
0.001948442
5.46E-10
0.010187418
3.79E-06
6.12E-08
1.80E-09
9.74E-11
5.96E-05
5.75E-06
6.64E-06
0.016908597
2.03E-08
2.14E-08
1.92E-06
4.49E-07
0.00168772
0.000358165
0.000657216
3.25E-05
2.38E-05
9.91E-06
1.22E-07
0.032116852
0.003146607
0.998869277
5.93E-09
4.86E-06
0.576779895
0.009566277
0.722039439
5.77E-06
1.31E-09
2.19E-09
5.21E-05
0.023897087
1.01E-05
1.09E-09
0.21224235
4.25E-09
4.53E-09
4.67E-07
0.000142846
0.194906309
0.000193625
0.241274653
8.99E-10
0.945619623
3.29E-06
0.143067623
1.73E-05
1.84E-10
0.001056757
9.08E-06
3.83E-12
1.33E-05
2.22E-07
2.86E-06
0.000276047
5.73E-08
0.0001253
6.68E-06
0.001032576
0.000228159
0.019339631
2.86E-13
0.000171345
0.000533906
1
0.638357947
0.001388041
2.84E-07
2.10E-09
5.62E-11
5.45E-09
3.93E-06
2.48E-07
1.08E-05
0.001012138
0.004355149
1.90E-05
0.067485601
0.000391714
0.999763262
2.10E-13
0.995414032
2.41E-07
0.208896825
1.62E-07
1.90E-05
1.47E-06
9.53E-10
0.413305619
4.11E-11
3.18E-06
0.00631176
6.38E-07
8.76E-08
0.000457595
1.05E-11
1.29E-11
5.17E-05
1.77E-10
2.85E-05
1.03E-09
4.85E-08
6.91E-08
1.71E-08
0.779762137
3.49E-07
1.50E-08
0.000232786
0.004800572
0.708311455
1.30E-07
3.71E-08
0.000202626
1.71E-07
2.21E-05
1.25E-07
0.661841589
0.017326077
0.007960092
0.061322063
5.64E-12
2.99E-06
1.39E-07
0.001657048
0.032436268
1.19E-06
4.83E-09
1.29E-10
3.23E-09
2.78E-06
2.04E-10
0.229313835
0.998027982
4.66E-06
0.120384435
7.46E-07
5.40E-10
0.000116753
5.15E-05
0.001864665
1.00E-05
1.30E-05
0.005488094
0.158252439
2.30E-05
1.92E-05
0.000164974
0.000212888
0.000494876
2.23E-06
4.12E-09
8.01E-07
0.835463317
4.85E-05
7.92E-06
0.000184465
0.974275118
4.09E-05
0.000591688
0.122490039
0.001263428
0.401253115
0.000182235
0.012789327
6.76E-07
0.000152166
9.40E-08
2.52E-07
2.52E-10
1.33E-06
7.87E-05
0.636720153
9.95E-07
0.01082995
0.000295904
4.13E-05
4.04E-08
1.30E-07
0.680533522
4.44E-06
0.008308779
0.00205613
0.062362874
0.005614539
0.23350402
5.23E-09
9.22E-06
7.81E-13
0.40665259
1.50E-06
3.58E-05
0.00071518
0.001980329
1.85E-06
0.000306449
6.06E-06
0.000271818
0.078742009
3.64E-07
5.07E-06
0.999279916
2.63E-10
4.02E-12
3.89E-07
2.94E-12
1.13E-09
3.15E-06
4.90E-05
0.003093876
1.64E-07
0.021593849
8.10E-05
0.002470803
0.002266656
3.76E-08
3.87E-06
0.000122322
3.68E-08
7.52E-08
0.649262185
1.35E-05
5.08E-09
0.012479279
3.28E-10
0.00064927
3.05E-10
4.82E-05
0.996394504
0.993249291
6.20E-08
0.013466517
7.15E-06
9.30E-09
6.81E-10
3.99E-06
4.89E-09
0.027889192
2.49E-09
3.79E-08
2.50E-08
2.45E-06
0.010325383
0.980397153
0.964447947
0.000325664
7.21E-06
9.11E-05
4.09E-06
7.74E-10
1.65E-05
1.32E-06
4.52E-07
1.08E-11
2.49E-08
9.89E-05
2.93E-07
3.66E-14
0.162260135
8.43E-06
1.53E-13
1.89E-12
1.34E-10
2.47E-07
4.05E-05
1.59E-06
2.11E-11
0.885680087
0.020635267
2.14E-05
0.057456234
0.001140572
0.000595773
0.000649839
4.75E-05
0.08417382
1.45E-06
0.000251604
3.75E-11
0.001000712
6.99E-12
0.000646504
0.068365455
8.34E-05
0.307295243
8.93E-07
1.53E-08
0.000629417
5.37E-08
0.001339216
8.08E-10
0.359506202
0.059769108
0.007156702
0.004468146
3.50E-05
5.07E-06
7.83E-06
5.00E-09
3.78E-13
2.23E-07
0.038981131
