0.48911136
0.47437385
0.4844705
0.47203964
0.51834774
0.4678215
0.46792775
0.47267088
0.4798328
0.47203964
0.47267088
0.47267088
0.5264627
0.4798328
0.47640124
0.47640124
0.47267088
0.47203964
0.4896287
0.47267088
0.8444219
0.47645822
0.53965634
0.47437385
0.4798328
0.47203964
0.4798328
0.4798328
0.4798328
0.4798328
0.47267088
0.47267088
0.47437385
0.47267088
0.502194
0.4871135
0.47203964
0.4798328
0.4798328
0.47267088
0.47267088
0.47267088
0.4678215
0.4798328
0.4798328
0.47203964
0.47203964
0.502878
0.47437385
0.47267088
0.50117844
0.47267088
0.4798328
0.47267088
0.47437385
0.47267088
0.47267088
0.47437385
0.46792775
0.47267088
0.4798328
0.4798328
0.47437385
0.51146936
0.49168488
0.4798328
0.47267088
0.46792775
0.4798328
0.47267088
0.47267088
0.47437385
0.47267088
0.50966996
0.46792775
0.51146936
0.47203964
0.51816213
0.4798328
0.48174277
0.48174277
0.4678215
0.47267088
0.4798328
0.4798328
0.47203964
0.47437385
0.47267088
0.47437385
0.47267088
0.50687885
0.4798328
0.4798328
0.51648617
0.47267088
0.47640124
0.47640124
0.48911136
0.511873
0.4798328
0.4798328
0.46792775
0.47437385
0.47267088
0.47203964
0.4798328
0.55389667
0.47203964
0.4798328
0.47437385
0.47267088
0.47640124
0.47267088
0.4798328
0.47267088
0.47203964
0.47267088
0.47267088
0.4798328
0.47267088
0.49243066
0.4798328
0.47437385
0.49821678
0.47267088
0.47267088
0.47267088
0.47437385
0.4798328
0.47267088
0.47203964
0.47640124
0.47437385
0.47267088
0.5065805
0.47437385
0.47267088
0.47203964
0.4798328
0.47437385
0.47437385
0.47437385
0.47437385
0.49408463
0.4798328
0.4798328
0.47437385
0.47267088
0.47267088
0.47437385
0.4798328
0.4798328
0.53766155
0.47203964
0.4798328
0.46792775
0.47640124
0.4871135
0.47267088
0.47437385
0.47267088
0.4871135
0.4798328
0.47267088
0.49769667
0.49168488
0.47267088
0.47203964
0.49382606
0.4845189
0.46792775
0.47640124
0.49702984
0.47267088
0.47640124
0.51348925
0.4798328
0.47203964
0.47203964
0.51070535
0.47267088
0.50117844
0.50117844
0.47437385
0.51424754
0.49821678
0.49763477
0.47267088
0.47640124
0.49817756
0.47203964
0.48911136
0.47640124
0.47203964
0.47203964
0.4798328
0.47267088
0.4678215
0.47267088
0.47267088
0.491774
0.47267088
0.47437385
0.47267088
0.48841307
0.5010592
0.47203964
0.47267088
0.47640124
0.47267088
0.48652038
0.47267088
0.4798328
0.49763477
0.508516
0.4798328
0.4798328
0.47437385
0.47203964
0.5119317
0.49555296
0.4798328
0.4871135
0.4970298
0.4798328
0.4798328
0.47267088
0.4678215
0.48859823
0.47267088
0.47203964
0.47437385
0.49763477
0.4798328
0.4798328
0.47267088
0.47267088
0.47437385
0.47640124
0.6019316
0.47267088
0.4798328
0.47640124
0.4798328
0.51146936
0.50145364
0.47437385
0.47267088
0.47203964
0.47437385
0.4798328
0.48652038
0.47267088
0.48174277
0.48240605
0.47267088
0.47437385
0.47267088
0.47203964
0.47267088
0.47267088
0.47437385
0.4798328
0.47267088
0.47437385
0.48670664
0.46792775
0.47640124
0.489712
0.47640124
0.47267088
0.47645822
0.47267088
0.47437385
0.49702984
0.47437385
0.47267088
0.47640124
0.47437385
0.48671624
0.47267088
0.48911136
0.47267088
0.47267088
0.59261334
0.51146936
0.47267088
0.47267088
0.4798328
0.47437385
0.47203964
0.47203964
0.5098903
0.47267088
0.49763477
0.4798328
0.49821678
0.46792775
0.4798328
0.47267088
0.47203964
0.46792775
0.47267088
0.47267088
0.47267088
0.47267088
0.47267088
0.47437385
0.47437385
0.47640124
0.4798328
0.47267088
0.48747775
0.5271187
0.4998338
0.47267088
0.47640124
0.47267088
0.5368285
0.47640124
0.46792775
0.49168488
0.51146936
0.47640124
0.47267088
0.4798328
0.47640124
0.47267088
0.47267088
0.4798328
0.47267088
0.4798328
0.46792775
0.4974452
0.4865698
0.47203964
0.47437385
0.46792775
0.47203964
0.47437385
0.49763477
0.66095376
0.50117844
0.47267088
0.51410437
0.4798328
0.4798328
0.4798328
0.5127895
0.47437385
0.47267088
0.47640124
0.48174277
0.46792775
0.4798328
0.47267088
0.47437385
0.4798328
0.4798328
0.47437385
0.4798328
0.5314349
0.4798328
0.4798328
0.4871439
0.49763477
0.47267088
0.49170387
0.48911136
0.47267088
0.53766155
0.47267088
0.49382606
0.47437385
0.47267088
0.4798328
0.4798328
0.47645822
0.49821678
0.4798328
0.51146936
0.47640124
0.47267088
0.47437385
0.47267088
0.47203964
0.47640124
0.46792775
0.47267088
0.47640124
0.47437385
0.511873
0.4798328
0.47267088
0.4798328
0.4798328
0.4798328
0.49989676
0.4798328
0.47437385
0.4974452
0.47437385
0.47267088
0.4798328
0.47203964
0.47437385
0.48652038
0.47640124
0.49316883
0.47203964
0.4798328
0.47267088
0.47437385
0.47437385
0.4798328
0.4678215
0.6380524
0.47267088
0.48671624
0.47267088
0.48841307
0.4798328
0.47203964
0.47267088
0.51053095
0.4798328
0.47437385
0.5253744
0.50962055
0.47437385
0.5103916
0.47267088
0.47437385
0.49821678
0.47267088
0.48911136
0.46792775
0.4798328
0.47203964
0.47267088
0.47267088
0.48174277
0.47203964
0.53766155
0.5883783
0.46792775
0.5269942
0.47267088
0.47437385
0.48389316
0.4798328
0.4798328
0.5099398
0.47267088
0.47640124
0.5180165
0.47267088
0.46792775
0.47267088
0.47267088
0.47437385
0.4798328
0.49382606
0.50629675
0.47437385
0.47267088
0.47267088
0.51985383
0.47267088
0.47267088
0.47437385
0.47437385
0.51985383
0.47640124
0.47267088
0.47267088
0.46792775
0.47267088
0.47267088
0.47267088
0.47437385
0.4798328
0.46792775
0.47267088
0.47640124
0.4798328
0.47437385
0.47203964
0.47267088
0.47267088
0.47203964
0.47203964
0.47267088
0.47645822
0.48689038
0.47267088
0.47640124
0.4798328
0.5321193
0.4798328
0.5097262
0.47437385
0.4798328
0.4896287
0.4798328
0.48911136
0.47203964
0.47267088
0.47267088
0.47267088
0.4798328
0.7229583
0.4798328
0.5269942
0.4798328
0.4798328
0.4974452
0.49382606
0.49763477
0.4798328
0.489712
0.47267088
0.47267088
0.47267088
0.48747775
0.5321193
0.4798328
0.47640124
0.47267088
0.47267088
0.47267088
0.47640124
0.4798328
0.47203964
0.47267088
0.47437385
0.48652038
0.4678215
0.47267088
0.47267088
0.4798328
0.47267088
0.4798328
0.47267088
0.4798328
0.4798328
0.4798328
0.47203964
0.47203964
0.4798328
0.4798328
0.4798328
0.48918608
0.47267088
0.4798328
0.4798328
0.47203964
0.47203964
0.47267088
0.47640124
0.47267088
0.49763477
0.47203964
0.4871135
0.4798328
0.4798328
0.47640124
0.4798328
0.47437385
0.46792775
0.48652038
0.47640124
0.47267088
0.4798328
0.47267088
0.4798328
0.4798328
0.51146936
0.47267088
0.47437385
0.47437385
0.4798328
0.4798328
0.47203964
0.47267088
0.49821678
0.49763477
0.47267088
0.47640124
0.47437385
0.49119046
0.47267088
0.5131687
0.51273197
0.47437385
0.5262593
0.47640124
0.49113286
0.47640124
0.47640124
0.48841307
0.47267088
0.4798328
0.47203964
0.48671624
0.47437385
0.47640124
0.46792775
0.4798328
0.49780184
0.4798328
0.4798328
0.4798328
0.4798328
0.4798328
0.4678215
0.4798328
0.48671624
0.4798328
0.4798328
0.4974452
0.4798328
0.5010592
0.5127152
0.47203964
0.4798328
0.47267088
0.47437385
0.47203964
0.4678215
0.4798328
0.47640124
0.48911136
0.4798328
0.4798328
0.47267088
0.46792775
0.4798328
0.5109389
0.4798328
0.46792775
0.47437385
0.47267088
0.4798328
0.47267088
0.47203964
0.47267088
0.47203964
0.4798328
0.5028025
0.492123
0.47267088
0.49763477
0.4798328
0.47267088
0.47203964
0.4798328
0.47267088
0.47437385
0.4798328
0.4798328
0.4798328
0.4798328
0.47437385
0.48652038
0.489712
0.47267088
0.47267088
0.50966996
0.511873
0.4798328
0.51146936
0.48652038
0.46792775
0.4798328
0.49382606
0.46792775
0.4845189
0.4678215
0.4798328
0.4798328
0.47267088
0.4798328
0.4798328
0.52454805
0.47267088
0.51146936
0.47203964
0.47267088
0.46792775
0.53766155
0.4798328
0.49763477
0.47437385
0.47267088
0.4798328
0.4798328
0.4798328
0.47437385
0.47640124
0.47267088
0.47437385
0.49243066
0.48911136
0.47267088
0.47203964
0.47203964
0.47645822
0.4798328
0.47203964
0.47640124
0.47267088
0.47267088
0.4798328
0.4898124
0.5208444
0.47267088
0.48689038
0.47437385
0.4678215
0.47267088
0.4798328
0.47437385
0.47437385
0.47203964
0.47267088
0.47267088
0.47267088
0.47437385
0.47267088
0.47437385
0.4798328
0.47267088
0.47640124
0.47267088
0.5097262
0.47267088
0.5150404
0.4798328
0.47203964
0.47437385
0.5158278
0.47437385
0.48652038
0.47640124
0.47437385
0.47267088
0.4798328
0.48174277
0.47267088
0.4798328
0.48671624
0.4798328
0.4798328
0.4798328
0.47437385
0.47267088
0.47267088
0.4798328
0.48652038
0.47267088
0.4798328
0.47267088
0.47267088
0.47267088
0.48918608
0.47267088
0.4798328
0.4798328
0.4798328
0.47267088
0.47267088
0.47267088
0.47437385
0.47267088
0.47267088
0.47640124
0.4798328
0.47267088
0.4798328
0.48929158
0.48911136
0.47203964
0.47267088
0.47640124
0.46792775
0.4798328
0.51091063
0.5883783
0.4798328
0.4798328
0.46792775
0.47437385
0.4798328
0.4798328
0.47267088
0.4798328
0.47267088
0.47267088
0.47267088
0.47640124
0.4798328
0.47267088
0.47267088
0.516571
0.47203964
0.5920681
0.47203964
0.4798328
0.4896287
0.6405656
0.4798328
0.47203964
0.4798328
0.52290773
0.4798328
0.47203964
0.50988895
0.46792775
0.47437385
0.47267088
0.4798328
0.48174277
0.47267088
0.47267088
0.47267088
0.4798328
0.4798328
0.47267088
0.47203964
0.4798328
0.53766155
0.4798328
0.47267088
0.4798328
0.4945982
0.4678215
0.47437385
0.4798328
0.5127152
0.47267088
0.48575014
0.47640124
0.5178474
0.47437385
0.47437385
0.46792775
0.5065805
0.4798328
0.4798328
0.4798328
0.46792775
0.52331686
0.4798328
0.47267088
0.47203964
0.47640124
0.5098903
0.4798328
0.47203964
0.4798328
0.4798328
0.51146936
0.47203964
0.518589
0.46792775
0.47437385
0.47267088
0.6033522
0.4678215
0.47267088
0.4798328
0.5422853
0.46792775
0.47437385
0.47267088
0.4798328
0.47640124
0.47267088
0.4798328
0.5064188
0.47437385
0.50145364
0.46792775
0.47645822
0.4678215
0.4798328
0.47267088
0.4896287
0.47267088
0.47267088
0.4798328
0.47267088
0.4798328
0.49243066
0.47203964
0.47267088
0.53965634
0.4798328
0.47267088
0.47267088
0.49763477
0.47267088
0.48174277
0.5150404
0.48624521
0.47267088
0.48652038
0.48652038
0.4798328
0.46792775
0.56256014
0.46792775
0.48911136
0.47437385
0.47267088
0.4974452
0.5356786
0.47437385
0.4798328
0.47267088
0.4974452
0.47437385
0.4798328
0.50117844
0.5099398
0.47203964
0.50145364
0.47267088
0.46792775
0.48881832
0.47437385
0.511304
0.4798328
0.48986948
0.47267088
0.55389667
0.51146936
0.53766155
0.49170387
0.47437385
0.47203964
0.4678215
0.48174277
0.4678215
0.47267088
0.47267088
0.49821678
0.47267088
0.4798328
0.4798328
0.4798328
0.47267088
0.47437385
0.4798328
0.4798328
0.47437385
0.4798328
0.47203964
0.47267088
0.47203964
0.47267088
0.47203964
0.49168488
0.4798328
0.527825
0.47437385
0.4798328
0.4798328
0.48240605
0.47267088
0.47437385
0.4798328
0.4798328
0.47267088
0.50117844
0.48747775
0.47640124
0.4798328
0.49821678
0.4871135
0.46792775
0.48747775
0.47203964
0.47267088
0.49117702
0.46792775
0.46792775
0.47437385
0.47203964
0.48174277
0.4798328
0.47203964
0.46792775
0.47267088
0.51146936
0.47203964
0.53766155
0.47267088
0.47267088
