3.653639876050415042e-02
4.026693697421890664e-03
9.729609591718826334e-01
3.921676206918223856e-02
9.989866144405803450e-01
3.831495825806021521e-02
5.127112040274332816e-02
9.894980749741707493e-01
8.095221057579683466e-01
9.975041158170905309e-01
1.915958954040034024e-02
9.640070176272631519e-01
9.989186007748349638e-01
2.234211340843503812e-01
9.999006253352744622e-01
9.999502532619004569e-01
6.340409817381704727e-01
2.478492457142673078e-01
3.384492513314437678e-01
5.829268611336073658e-01
1.058752853497910845e-02
7.585957586749449977e-01
9.991071195502774227e-01
3.309596755224285536e-01
1.720950908285952263e-01
9.465009607403042091e-01
9.554815016716029508e-01
9.987200869553157778e-01
9.991396135387555777e-01
9.999902929849545652e-01
9.963036352423643160e-01
8.820001160528115336e-02
9.993316298685031018e-01
9.060800610653255149e-02
9.985713220195424622e-01
4.022725110795725700e-01
3.251597098071728476e-01
5.234005403606831891e-02
2.964696669189997857e-02
9.998465723132982097e-01
9.929570141768888636e-01
2.261225601928190110e-01
8.460183436961991044e-01
4.065560046519518800e-02
9.969351134943511550e-01
8.502501309774526117e-01
5.951042271910005343e-01
5.117030855881169599e-02
5.717402132484183941e-02
9.999339014385159041e-01
9.999512697309380638e-01
9.872741383289980188e-01
9.505396948058442153e-01
1.626664326643358360e-01
8.477938288955820800e-01
2.312607050310230145e-02
7.989927980135919094e-01
9.962240474898015341e-01
9.951908494297784236e-01
9.786220797400140281e-01
8.926704329432568752e-01
9.516930878270539740e-01
9.815665391451844357e-01
9.853487392817346091e-01
9.811798136678626658e-01
6.006249302352438812e-01
9.878260001731813400e-01
1.471812396345791030e-02
8.823297614293117430e-01
3.031620306128065545e-01
8.872741748856070865e-02
6.142347964163985541e-02
9.453078850200198335e-01
4.341695890660531854e-01
9.899577220875354078e-01
9.601519193186295320e-01
1.755462201216442114e-02
9.063591379687524485e-01
9.875808791853654123e-01
1.814242402344056482e-01
1.282886930475520548e-01
9.891939625676904324e-01
1.665702867255289613e-02
7.891332604214426061e-01
9.994481040443137232e-01
9.589212316262804014e-01
6.659454702542676463e-01
8.629330147931341122e-01
4.661424198730445556e-01
4.458228708831849518e-01
9.561255071537437811e-01
9.976776593652683101e-01
9.996394724752448724e-01
9.931077512573762700e-01
3.503697828233950928e-02
9.690680279579666490e-01
9.894794007049482198e-01
9.951998298070025006e-01
9.982434797972346008e-01
3.196102728624567457e-01
7.980366513162334696e-01
8.970816794107715486e-01
5.374676648900996584e-02
7.640444708520275352e-01
2.331388761316621205e-01
9.541466619556298046e-01
1.650586531430275547e-02
9.974463476193798916e-01
8.065313835721455993e-01
2.495730946324557168e-03
3.987794701357205707e-02
3.759836954864942404e-01
3.780844344184298711e-01
9.773725795778975822e-01
9.998813844619747204e-01
1.035039987425815690e-02
9.787642953064974449e-01
9.189036932662308921e-02
9.449695799333254209e-01
7.121489316195403138e-03
9.894216350970008733e-01
9.999437313051871001e-01
2.302026381641504860e-01
4.740018722820470987e-01
1.485331252724235163e-01
9.183936654402640176e-01
9.852218611637237888e-01
7.855627308990248414e-01
9.692294402887891014e-02
9.876378041038877953e-01
1.361639511518792367e-01
8.197531775389877984e-01
4.082072481901933836e-01
9.882904698167684909e-01
8.444923148932899082e-01
9.987166105427413010e-01
5.097733372250817796e-02
4.479650737262973192e-02
9.350536527573820589e-01
9.867557962018855822e-01
8.597651831020607371e-01
9.041265611364452948e-01
1.597874267146981997e-01
9.846186699618677540e-01
9.997827446269751395e-01
7.740850228904010422e-01
9.292907657412727840e-01
9.441588670876066569e-01
9.996616925281778254e-01
9.297955478687374153e-01
6.824267964313148610e-04
1.397516425128759662e-02
9.728905865343613346e-01
4.711955226284754161e-01
5.345850854658996953e-02
2.882943629549513109e-01
9.990027443596165568e-01
9.997278625848921019e-01
1.842165659576779912e-01
1.639451886361875110e-01
9.986410375463410372e-01
2.606713724954063394e-01
9.382126403026986861e-01
9.974010926377449016e-01
9.995006031498933075e-01
9.745447353789039591e-01
5.019558284371409586e-03
4.575348087282332665e-01
8.175572085081243834e-02
1.444025402125625468e-01
4.596382951211303025e-01
2.820125412775503770e-01
7.491845283058540250e-02
9.996938285089956855e-01
6.222946854662808613e-01
6.332817208237545570e-01
9.994066954951467130e-01
9.876438791054551469e-01
9.580535092773670991e-01
9.829855656431897293e-01
1.971598527292896530e-01
9.997019687262079790e-01
3.216946000532487915e-01
6.606284709299051205e-02
1.198593405344064583e-01
4.668809501320095312e-01
9.997525145345138586e-01
9.921940430583855441e-01
9.801412356193989206e-01
4.362596883655775991e-03
1.833451257169068163e-02
5.606627538561740343e-01
3.293529024777749337e-01
3.592252183095670515e-02
2.162684944982767518e-02
9.981755204071071086e-01
9.453148674737775758e-01
1.700024148029337379e-01
1.641935631333891199e-01
9.997542541815466199e-01
2.648919103337900316e-03
8.806681951171577150e-02
9.907771105202783923e-01
2.386522967902332537e-02
2.425389031374975413e-01
1.639816651710448298e-02
1.670137415050013813e-02
9.537671307680760657e-01
9.856968974572637432e-01
9.344273740175077503e-01
9.276712766080115191e-01
9.985904019275722021e-01
8.512905801091986968e-02
9.980955012709274987e-01
8.231891005196696753e-02
9.177743359209292184e-02
5.546987436677778271e-01
2.839470692319913114e-01
9.185866785218465003e-01
1.360996692906141781e-01
8.531747392146087072e-02
9.640626005192256542e-01
6.622580925607528535e-01
1.329998633478052805e-01
1.856628225108147845e-02
1.728951514908623754e-01
1.413555710628220385e-01
3.736447122018594635e-01
8.567365919213167924e-01
5.213051275940966400e-01
6.478964194371476804e-02
3.743210628199965528e-01
8.841887627831974961e-02
8.291353444257343330e-01
9.336096836210210359e-01
9.696730090344510833e-01
1.944950522947118121e-01
6.768183292477000790e-02
1.535486656234109383e-02
9.658474303864885702e-01
6.882084888328597883e-01
1.200771563603172422e-02
3.361629262602097712e-02
9.833117175104376662e-01
4.595795440968447262e-03
9.976116324479337161e-01
1.681789407464344133e-01
7.273208312817182331e-02
9.964303899994430003e-01
1.738888079838511458e-01
2.538814788654451468e-02
2.112505785096153218e-03
3.747743542107109804e-01
7.413115528761822226e-01
7.470389407514770215e-03
9.933688183381560455e-01
2.706236601826926824e-01
7.876917289514590026e-02
3.587106310894493111e-02
7.937016124825106711e-02
9.989913149009128635e-01
9.736078336949379741e-01
9.783290219833211676e-01
8.633875671232484894e-01
1.903243393792298233e-01
7.869342376795633864e-01
8.335534951443647478e-02
1.065526829754488009e-01
5.797065737562329124e-01
8.787462306163562609e-03
5.107984843081418980e-01
5.018905334073685554e-01
3.265659856044546561e-01
9.803405811486406440e-01
9.992645540699379714e-01
1.853594489783813581e-01
6.055575731017907165e-02
1.591180652981613319e-01
6.483855929577123645e-01
1.472114629354737969e-01
9.998883143757293368e-01
5.019781072037812070e-02
9.969765622911008762e-01
9.987325419475212573e-01
8.960656314070283290e-01
3.836819584994221044e-01
2.211214060813061766e-01
5.478311967386501058e-01
9.463620653310478303e-02
9.295244701918911057e-01
5.876329877256576406e-01
6.019565774257926716e-01
2.072026023730660360e-01
1.052195247397336580e-01
8.988601288535287559e-02
9.999938933929511942e-01
9.999637779351644440e-01
8.764439937039694706e-02
6.789931087142056509e-03
9.942899450287063789e-01
9.939785445364147654e-01
4.979965254054709578e-01
6.461806136971250947e-01
1.127701333190414199e-02
9.842630205220265216e-01
2.273299154052023374e-01
7.665541936162786341e-01
4.008877581231445886e-02
7.757092664925747949e-02
9.981840954695069268e-01
5.787498090012999086e-02
9.573147908488507940e-02
9.998375926920622936e-01
2.583736189934188188e-02
6.120601776264802396e-01
9.991272111751928753e-01
9.809684665339908349e-01
9.994754133682113295e-01
7.573268292046990077e-03
4.826108762571805488e-02
4.452211238278253047e-02
5.269560515477595894e-03
1.953699899814481944e-01
9.962469604046149119e-01
6.133217062738208769e-01
7.836402411611622515e-03
1.251519638377468213e-01
8.842512914379451194e-01
9.876414076899777683e-01
9.526041298768539445e-01
2.133152192535288649e-01
9.158112896621488641e-01
5.881515785904961255e-03
3.928292210987883309e-02
9.385613080299222144e-01
4.938276236907342132e-02
2.667102038387518873e-02
1.108426770314413501e-01
8.280534659452495339e-01
6.972118724422123881e-01
1.934644052225525379e-01
4.528672971449067275e-02
4.494829451578383900e-02
9.906361522397727493e-01
9.985446287649232255e-01
5.629078267318824436e-01
1.341581539870277118e-01
9.601513991844210505e-01
9.990852361160988959e-01
2.850719619397236015e-03
7.360162431548697981e-01
1.645014479206607372e-01
7.362545806535959747e-02
6.608270919853282965e-01
2.021810970242977901e-01
9.998570187655623220e-01
4.398621690810620988e-02
1.938172414982796687e-01
5.588414385411007851e-02
9.999044020080892770e-01
9.516413026404541009e-01
9.997479010050728254e-01
1.998898996078006252e-01
5.393299067051963158e-01
5.919195566160804362e-02
2.886635012652527532e-01
4.052449742663588594e-01
9.458441377614018597e-01
4.064312331273484125e-02
9.110960838816360985e-01
3.715420177276261560e-02
9.745268667241753224e-01
3.608726034456141100e-03
9.809385373216823467e-01
4.989219946104689329e-02
9.998080489970991858e-01
9.878744327069762798e-01
9.870003134772694642e-01
9.887724124974628381e-01
9.985858879283415757e-01
1.889595728073365788e-01
8.006949696468040889e-01
9.236019119921609066e-01
1.661989051772029824e-01
9.992047912934498566e-01
4.654862554046788892e-02
2.261243658354093744e-01
9.992334628987113998e-01
1.691528734941747519e-02
4.337997970948118120e-01
9.598567502451373912e-01
4.453974540255585812e-01
3.805001689407568888e-01
9.994023572629853192e-01
7.505609964188117433e-02
4.679775977136768628e-02
9.999974003329696881e-01
3.633782342081687267e-01
9.920278813505183368e-01
2.480913385644550329e-01
6.718874015772230424e-02
9.996741021309387687e-01
8.472835947325499939e-01
6.322055025446073895e-01
3.073468116358230723e-02
7.744218979021360028e-01
1.456625588596255905e-01
5.463060768345500140e-01
7.620381945366696552e-01
8.468088402880333820e-01
7.213469302532476979e-01
7.123083592876608972e-01
7.256655753158686162e-01
2.541386099802981930e-03
8.760255313268927591e-01
3.471253729348628414e-01
8.411539646794443659e-01
9.495086308264244490e-01
9.186725278599774946e-02
9.881317069248499729e-01
3.864332504700948023e-01
1.098072755781271947e-01
9.674604967565152425e-01
9.984421090626058315e-02
9.265998063060280066e-01
5.057652646077903658e-02
7.520084873299431871e-02
9.368368032351653829e-01
1.131409798058074789e-01
3.205832065446018175e-01
3.052928763248020580e-02
9.623451107980821595e-01
6.958274179597609965e-01
9.945300345811549647e-01
5.095365379189308042e-02
3.683826501953121890e-01
8.229186825472220579e-02
4.981935367406625792e-01
9.996011934965249868e-01
9.998954145786157488e-01
4.408357408916871445e-01
9.808531461357660186e-01
9.998050882613712664e-01
1.823163012536796468e-01
1.253338367580451584e-01
9.966146600280134660e-01
6.699005866813452503e-02
4.062484258311702123e-02
7.433588341533139965e-02
9.416492016900976925e-01
3.934162510399540069e-02
9.971474486782720970e-01
2.778557824182491948e-02
9.988367615737097083e-01
2.371651443306594109e-01
9.620187225239671402e-01
9.851568227520385301e-01
4.187573418832071792e-01
8.573326436549565110e-02
9.965267224581101368e-01
9.989860427566107370e-01
5.064385647049436390e-01
5.086651245251931908e-01
7.035064033056656618e-02
9.744247136862094205e-01
3.895655115224422316e-01
9.907383227329713549e-01
9.961591407058879577e-01
2.818261800214408863e-01
9.458869134836025427e-01
2.900242001527305463e-02
9.942938487850743190e-01
1.262062277279472899e-02
9.740179680387797134e-01
2.649244404982821835e-02
5.580979878885301559e-01
3.377265633645735177e-01
9.778753866137668282e-01
4.829318862098878201e-02
8.743574600138311059e-02
7.447297499277699684e-02
8.763871288306086527e-01
1.521442313624838116e-01
1.848746053141204215e-01
2.758319133890180241e-01
8.952396357043232999e-01
1.328485183705830353e-01
9.958541906616010797e-01
9.430944177795168581e-01
7.082636349871702930e-02
1.660453121896237894e-01
9.756640660632431850e-01
3.714956277546394570e-01
9.936129038313790129e-01
2.250116609597334061e-01
1.777464761896978621e-02
1.562120995234866361e-01
6.206197393021051223e-01
1.451049888088785378e-01
6.331041157490038818e-02
9.941911958866131993e-01
9.829544540485777304e-01
4.295150188907388977e-01
8.944360658812413600e-01
7.166549351339307483e-02
5.871418164276979157e-01
9.870828304504211115e-01
4.904029248720253031e-01
1.379960617845445159e-01
9.360786372352476736e-02
9.717637845391994267e-01
9.908091863420269707e-01
1.981193145502923789e-02
8.510699791558605787e-01
9.901259135997104721e-01
2.222724650350199060e-01
1.049238997889936631e-01
1.136550480820491815e-01
9.999096243636091952e-01
9.942294878516569900e-01
6.677112350308732625e-01
3.154517296944044924e-01
2.196298180347370718e-02
9.829105205511509680e-02
1.184571114381534895e-01
9.979533127704016682e-01
1.158312341515768951e-01
2.904855823396005829e-02
2.502520060459579448e-02
9.768466337548747935e-01
9.945839608200547355e-01
1.936352351886244660e-03
9.992875299743110284e-01
2.337300371756588155e-02
3.386329263485035601e-01
5.648677283649491260e-02
2.750765604849255697e-01
9.988050525605084440e-01
9.870602829740653394e-01
9.867549575762687430e-01
4.110629834806633909e-02
1.817968357334629219e-03
3.126684529163957227e-01
5.663318370251450157e-02
9.985478935251774768e-01
6.429057868190950487e-01
9.985477891014694629e-01
9.903343925945540249e-01
9.655863166876045289e-01
9.915219444171246010e-01
2.447035356862609368e-01
9.188273132500350548e-02
9.951833041829669657e-01
1.819379476900083101e-02
2.324073178429769126e-01
9.369616251575809684e-01
1.024595444796431581e-01
9.893705952410399851e-01
1.891660100511594333e-01
2.383962091972267050e-01
9.221680584690256088e-01
9.595729462553199696e-01
2.459377227308282357e-02
8.922958942613339328e-01
5.554556986054032253e-02
9.595525460159800568e-01
6.699686006952403350e-01
2.848955153762085524e-01
2.254687913240104730e-02
1.035799978117062647e-01
9.999997388468955251e-01
3.773935234236145964e-01
1.213155213124652160e-01
4.012846211793071882e-01
9.827378473211536569e-01
9.992405246791717932e-01
7.107963786772855119e-01
1.539401084299728273e-01
1.264144269586695568e-01
4.758836071058693551e-01
1.737170887411421810e-02
4.765060065607502615e-01
1.132315479433193550e-01
9.999232988754030993e-01
8.705509268847999582e-01
3.522563124237582111e-01
9.986203588181037372e-01
5.236438271250402066e-01
9.991602566698590815e-01
9.883996223395875580e-01
8.869752366644598762e-01
5.882802878081057861e-03
9.780895232929806005e-01
9.986933997554381381e-01
6.497406358224131484e-01
9.764569731212626724e-01
5.711818341075619587e-02
9.996403774258662001e-01
3.705618312006690816e-03
6.705159076015676511e-02
9.926976862937684221e-01
9.944054967832587355e-01
7.068402824094416337e-01
7.066963045167631852e-02
9.855061115469829769e-01
2.104115086819078467e-02
3.853171844389454564e-02
8.510691668632659745e-02
9.984398956276070436e-01
9.994099435862547898e-01
9.942410899345766051e-01
9.988726799695506475e-01
9.982613158198901937e-01
1.345826388335288892e-01
8.729114571470168726e-02
1.755155002663787989e-01
9.784259390934380018e-01
8.964753668110276852e-01
9.988499667765722290e-01
9.799239026229438210e-01
4.585722134036557263e-01
9.622480879953515531e-02
1.589739873435165596e-01
1.467515593860454770e-01
9.999995048510449402e-01
9.445524347634544071e-01
9.933560401933437811e-01
9.944767974483343931e-01
1.780046418764305929e-02
9.816733020041141788e-01
1.255935457026320645e-01
1.180726781848972645e-01
4.595780048984435817e-01
1.141567720838125438e-01
6.541116920420693252e-03
2.834775009131439427e-01
2.451945459811725458e-01
2.352349103508028644e-02
9.618931151757724729e-01
9.954818787960117987e-01
3.401352358657688812e-01
4.061752948388960283e-01
9.828277224388708433e-01
1.521646215539959601e-01
9.208487995079558397e-01
3.279549500148861152e-01
5.473152100689957500e-01
9.659439490888772628e-01
1.005993815298441563e-01
9.638594136481171137e-01
4.235776821002342207e-01
3.905252567705681521e-01
1.445647040814285189e-01
9.651748434395968079e-01
2.716169051440120441e-01
1.245797328482782171e-02
6.884858282845935928e-01
9.970930752965845301e-01
9.688522533304269047e-01
8.854921822264664177e-01
9.555484711129419440e-02
1.940179763830354454e-01
4.731864923545112470e-03
6.178250405277953272e-02
1.013068692916772734e-01
9.906001980727958678e-01
5.419083839869525132e-01
9.718552886322641138e-01
9.940685719678359344e-01
3.258064261348584401e-01
7.894777512870413405e-01
1.084543595456778087e-01
2.286120184029125646e-01
4.063960269298248495e-01
7.647546015220958449e-01
9.996814519564338752e-01
9.883413108884827603e-01
9.989488438249548574e-01
9.997258130338313453e-01
9.085958997326459841e-01
1.946659547071447754e-02
9.808981081976317906e-01
6.850045143314226204e-02
9.923568533032103289e-01
9.992979142164619688e-01
9.956959073050674069e-01
8.608218163911642851e-01
9.998948493266819337e-01
2.547951190672012034e-01
6.926941003494507809e-02
9.618176798717126275e-01
9.772196560079789984e-01
9.568577754432100457e-01
2.546145696432293871e-03
9.719941400556869615e-01
6.111801894562257642e-02
3.251015043381657033e-01
2.792660215404474400e-02
8.113175715593017312e-01
3.841740356491787217e-02
9.510358728989423138e-01
9.961457589310542815e-01
9.122252373683652493e-01
6.335469127509971154e-02
9.811423020306981879e-01
9.999186479216941592e-01
4.335511381217771465e-01
9.996959471971724742e-01
6.398661281842439319e-01
5.904797551527500576e-03
9.882821374839713124e-01
9.974835339326354466e-01
5.884751261613734019e-02
9.996682338724045547e-01
4.865525135809871046e-03
1.870293102897881924e-03
2.661440921771362524e-03
5.218973040408112635e-02
9.994176179339628874e-01
7.778980775559906080e-01
9.999557482213321524e-01
3.352183901992619175e-01
9.722509286479177337e-01
1.681741736080098401e-02
8.841172985286517294e-01
4.828513824704728785e-01
7.114817408726539782e-02
9.999993552939734354e-01
9.932355955445902884e-01
2.010539659740203100e-01
6.540037551977764818e-02
4.424870349721412022e-01
3.943477330043628215e-01
9.835348996583958003e-01
6.675965386382369526e-02
1.038882138907655656e-01
7.123455598606031822e-03
1.199141934444557245e-01
9.992110307232625610e-01
3.575679437496823068e-03
1.048128419160198332e-01
9.522015353437325302e-01
9.936049966619631135e-01
7.051597189405643951e-01
6.654696346503780058e-01
1.298597798119548175e-02
9.746831194495093609e-01
2.949839150148553246e-02
9.980422405615498871e-01
8.220833466204997553e-01
3.138477841316469202e-02
4.012455306291056734e-01
8.536568176742224956e-02
1.941080669863547992e-01
3.064738955052502822e-01
3.246909110141456972e-02
3.246824303515223331e-01
2.152923850316453280e-01
6.229668097790776876e-02
9.318500626609397264e-01
9.961485489505552682e-01
8.871010148134412798e-01
1.343366994509454827e-02
1.948619510624494677e-01
9.999951151049344400e-01
1.588586535932439703e-01
7.700047534493290047e-02
4.364394244715317367e-02
1.092674468014131345e-01
2.221074694721887899e-01
2.918184164955793247e-01
8.451424579253437042e-01
7.535273374938442625e-01
8.098830948708301003e-01
3.138285585106067449e-02
7.534551383000428482e-01
7.192711542835924510e-01
9.998663120475723698e-01
3.192584583008541838e-02
7.057490305118282459e-01
9.877083230390726332e-01
8.754341113378530381e-02
1.907449865860620306e-02
8.391798662708885304e-02
6.040851777151132890e-02
9.988760780223406854e-01
8.214412987130463584e-02
2.943284639930440066e-02
9.945926738021844127e-01
9.976427629594422086e-01
9.933471609962835069e-01
9.955787385667063116e-01
9.449121324548176437e-01
5.533858599669663064e-02
2.093089460367122262e-02
1.772693643358474180e-01
3.842783221403066052e-01
9.917402901499998702e-01
3.616074422398444788e-01
3.504561390748227034e-01
4.801682302820728943e-01
8.991203068358922801e-01
7.323995022354183870e-01
5.403768410340069328e-02
8.316153338127175720e-01
2.275689149949500570e-02
9.292693689610123098e-01
9.198041709278375055e-01
2.057792176819224217e-01
4.771022397242766222e-02
4.722679297374776652e-01
1.306993633154924540e-02
9.986062720755191080e-01
1.392280931744550587e-01
2.208066447901132004e-02
7.778353744318640128e-01
5.014697293036409764e-01
9.213925387896584329e-01
2.043094691478436198e-01
9.999771257374391320e-01
2.462131782821910253e-01
9.676689970009183517e-01
7.433624467368057931e-02
9.949732634453543056e-01
1.289027363046447994e-02
9.983592497387852038e-01
9.927419752309296630e-01
1.998347577022296928e-02
1.061651750295706381e-01
9.462599029337621648e-01
9.905038316474872040e-02
6.987529348830698317e-02
6.835183292836813362e-02
2.114111920745806450e-01
9.960480656731526272e-01
9.934505800007931153e-01
2.526646945836496030e-02
9.139332394192579978e-02
8.029352813519334831e-01
9.998205929740169307e-01
3.289056005792542065e-02
7.048342481779945601e-01
1.320794171069283318e-01
7.446214058995763718e-01
2.836323709407364418e-02
7.969501907876932467e-01
9.803731540478599626e-01
7.092743423330786223e-01
9.873147358788504357e-01
9.995598397578440153e-01
4.621628791960769728e-02
9.974363861955799493e-01
9.998899664223964701e-01
2.319002191249836843e-03
1.833118318541713740e-02
7.056479916517666151e-01
8.296603494639288590e-01
9.919423353943155330e-01
2.514289264532648116e-01
1.222390526870342359e-01
5.540894500961050101e-02
6.911165207588990111e-02
9.998789942095696048e-01
5.386513145054104557e-02
9.897974267791461722e-01
9.822288190248441575e-01
9.993370027590481319e-01
1.900643818732888901e-01
1.553474352867666719e-01
4.212310176793820221e-02
6.028797583724623127e-02
9.956779127335115831e-01
2.399941713174628677e-01
9.996823201481248589e-01
8.884569491742471126e-01
4.646842682497794030e-02
3.815766068053192406e-01
2.260332327291657284e-01
1.229869129287308738e-01
3.893098919115962203e-02
2.126340548959961690e-02
1.409364724512360278e-01
9.898166800533964027e-01
9.316955424764646887e-01
5.158623580583565627e-01
9.931467157891681330e-01
6.648002778183628170e-01
4.856226645855799690e-02
3.219344684129084311e-02
5.548098277860755850e-02
9.963243273508630704e-01
6.569820934477391128e-02
9.185060149519292949e-01
3.620474319545602393e-01
9.564833058690181966e-01
1.320454033613779887e-01
2.494795409583953349e-01
4.818606785999410280e-02
9.620829196411602169e-01
8.494327019587775141e-01
9.985941677996745813e-01
9.997800361883404374e-01
2.189774494668664528e-01
3.325743463513129716e-02
9.512568321438792385e-01
2.552246776700650144e-01
3.046992880368878387e-01
3.985955919945985970e-01
7.880977265127586673e-01
8.554266286389781149e-01
3.034214982794882637e-02
5.332479453894930499e-01
8.307033701872823528e-01
9.999973826900230289e-01
9.980362622066401013e-01
3.575475790619046107e-02
3.222783637687993141e-01
2.465908814054961484e-01
9.995681693215183738e-01
7.468332970033678131e-02
9.992252085645942916e-01
6.742406922806976066e-02
1.735923639773070681e-01
8.489287000700783056e-03
8.748108780976101562e-01
8.505109151195568984e-01
9.307986870660936995e-01
8.805542462830497907e-01
3.338669587935674116e-02
9.799105121267116525e-01
7.194622941643476211e-03
9.599455756506060089e-01
9.998713012944554501e-01
1.441686884366036592e-01
9.633855588924868929e-01
6.543650612194937821e-01
2.718556900752531168e-03
1.744699233034409103e-01
9.827384728375350154e-01
9.995086184953863029e-01
9.990920789554900150e-01
9.998270229849088864e-01
9.763653371656317859e-01
5.621248485422551955e-01
5.986277514415101753e-02
9.218859584552026032e-01
3.137437504667160981e-01
7.188372242891393205e-01
9.997042847258761356e-01
1.799719940018390529e-01
2.887600769439085946e-01
1.883265417708240297e-01
8.727702743725080925e-01
9.942916871365307108e-01
2.082076779623015239e-01
9.620662201706867700e-01
1.807907582837831040e-02
9.881249672880502155e-01
6.041202431997689803e-01
2.428803171218061815e-02
9.999741322813248123e-01
9.785446421204158085e-01
5.691417840520497373e-01
8.801842565884578917e-01
7.050674619740673332e-01
9.562116442963013441e-01
1.531684832439722532e-01
9.991807774459168234e-01
9.659191540737600556e-01
9.999981528099125550e-01
2.522775407883976473e-01
4.558022783776994880e-01
9.270503266675762521e-01
1.881481548347823524e-02
4.903804310494748186e-01
7.776372805199605054e-02
3.079541195541368181e-01
2.028435690929235036e-01
2.967291968801022417e-01
7.652031611892283758e-01
2.867995729122158055e-02
9.993343977369347764e-01
9.999949161591388247e-01
2.047270165470234729e-02
7.721008106201942001e-01
4.598636114203921710e-01
1.293673328313135196e-01
1.329550444922535934e-01
1.082268889056860750e-01
1.988104515118389870e-02
8.159258605946495546e-02
1.031234016359014738e-01
1.508245523388476450e-01
2.717017415656724014e-02
3.241974976063052849e-02
6.208803427488631677e-01
9.981025344999739923e-01
4.096718474450605080e-02
9.833667636535323719e-01
2.742598570765632515e-01
